R     <- 22.05
b     <- 5
sigma <- 35