d1 <-  5.0
d3 <-  6.0
d5 <-  7.0
A3 <-  1.0
A4 <-  2.0
A5 <-  1.0
B3 <-  6.0
B4 <-  5.2
B5 <-  9.0
k3 <-  3.0
k4 <-  4.5
k5 <-  4.0
C  <- 12.0
D  <-  1.5
E  <-  0.5
G  <-  3.0