d1 <- 16.0
d3 <- 18.0
d5 <- 20.0
A3 <-  0.5
A4 <-  1.0
A5 <-  1.5
B3 <-  3.0
B4 <-  4.2
B5 <-  5.0
k3 <-  3.0
k4 <-  3.5
k5 <-  4.0
C  <- 12.0
D  <-  1.5
E  <-  4.0
G  <-  3.0
gamma <- 4