d1 <- 6.0
d3 <- 40.0
d5 <- 90.0
A3 <-  0.5
A4 <-  0.5
A5 <-  1.5
A6 <-  0.2
B3 <-  2.5
B4 <-  4.2
B5 <-  5.0
B6 <-  2.5
k3 <-  5.0
k4 <-  4.0
k5 <-  4.0
k6 <-  1.0
C  <- 12.0
D  <-  1.5
E  <-  4.0
G  <-  3.0
U  <-  1.2