R     <- 25.265
b     <- 1
sigma <- 35