sigma <- 10
beta  <- 8/3
rho   <- 28