a <- 0.2
b <- 0.2
c <- 5.7