alpha <- 1.1
gamma <- 0.87