d1 <- 25.0
d3 <- 17.0
d5 <- 30.0
A3 <-  0.5
A4 <-  1.0
A5 <-  2.1
B3 <-  5.0
B4 <-  4.5
B5 <-  4.0
k3 <-  3.0
k4 <-  3.5
k5 <-  4.0
C  <- 12.0
D  <-  1.5
E  <-  4.0
G  <-  3.0
gamma <- 8

U <- 1.0 