I1 <- 0.5
I2 <- 2.0
I3 <- 3.0