A <- 5
a <- 3
B <- 10
b <- 2
C <- 9
c <- 3